normal = 1.0
normal-exp = 1.0e0
normal-pos-exp = 1.0e+0
normal-neg-exp = 1.0e-0
neg-exp = 1E-0
multi-dec-exp = 1.001e-0
two-exp = 2e10
two-pos-exp = 2e+10
two-neg-exp = 2e-10
twenty = 2_0.0
twenty-exp = 2_0.0_0e1_0
twenty-punkt-ett = 2_0.1_0e1_0
longpi = 3.141592653589793
neglongpi = -3.141592653589793
